0 0.3142857142857143 0.06845272206303725 0.12062857142857146 0.11355300859598855
0 0.29285714285714287 0.27751671442215853 0.16667142857142855 0.13902578796561607
0 0.907942857142857 0.06367717287488062 0.14920000000000008 0.10188156638013371
0 0.8920571428571429 0.2594746895893028 0.17460000000000003 0.17297994269340974
0 0.9142857142857143 0.4430659025787965 0.13015714285714272 0.11567335243553005
0 0.08174285714285714 0.43775549188156637 0.11904285714285712 0.09657115568290355
0 0.0754 0.5688252148997134 0.11269999999999998 0.10824259789875829
0 0.33015714285714287 0.44784145176695317 0.1301571428571429 0.11673352435530089
0 0.12698571428571429 0.7221680993314231 0.19682857142857144 0.12628462273161417
0 0.1119 0.9025787965616046 0.1761857142857143 0.13477554918815676
0 0.5587285714285715 0.7152722063037249 0.15555714285714284 0.11249283667621773
0 0.5508 0.8458070678127985 0.16508571428571436 0.13583572110792744
0 0.8992000000000001 0.8367812798471824 0.15714285714285714 0.14114613180515756
0 0.7309571428571427 0.9094746895893028 0.1317428571428571 0.10612225405921671