0 0.3142857142857143 0.06829035339063992 0.12 0.11365807067812798
0 0.29285714285714287 0.27745940783190065 0.16714285714285715 0.13944603629417382
0 0.9078571428571428 0.06351480420248329 0.14857142857142858 0.10219675262655205
0 0.8921428571428571 0.2593123209169054 0.1742857142857143 0.1728748806112703
0 0.9142857142857143 0.44317096466093603 0.13 0.11556829035339064
0 0.08142857142857143 0.4379178605539637 0.11857142857142858 0.0964660936007641
0 0.07571428571428572 0.5687679083094556 0.11285714285714285 0.10792741165234002
0 0.33 0.4479465138490926 0.13 0.11652340019102196
0 0.12714285714285714 0.7220630372492837 0.19714285714285715 0.12607449856733524
0 0.11214285714285714 0.9025787965616046 0.1757142857142857 0.1346704871060172
0 0.5585714285714286 0.7153772683858644 0.15571428571428572 0.11270296084049666
0 0.5507142857142857 0.8457497612225406 0.1657142857142857 0.1356255969436485
0 0.8992857142857142 0.836676217765043 0.15714285714285714 0.1413562559694365
0 0.7307142857142858 0.9092645654250239 0.13142857142857142 0.10601719197707736