0 0.46887943262411347 0.05646212847555129 0.11504964539007094 0.09374880153403643
0 0.4428652482269504 0.2524736337488015 0.1733617021276596 0.1342281879194631
0 0.10165957446808511 0.25940556088207095 0.16863829787234044 0.12464046021093
0 0.890468085106383 0.08255992329817832 0.14814184397163127 0.12038350910834131
0 0.8597304964539008 0.41333652924256953 0.17493617021276586 0.12357622243528282
0 0.10558865248226951 0.5832502396931928 0.11977304964539007 0.11398849472674985
0 0.09849645390070921 0.925215723873442 0.13080851063829788 0.10972195589645259
0 0.27265248226950356 0.6125503355704698 0.16706382978723408 0.1342281879194631
0 0.2907801418439716 0.89751677852349 0.19069503546099295 0.15446788111217633
0 0.5208794326241135 0.605091083413231 0.20330496453900715 0.1491466922339405
0 0.5453049645390071 0.7654170661553212 0.15760283687943263 0.12038350910834127
0 0.7139432624113475 0.577392138063279 0.1292340425531915 0.10440076701821678
0 0.8951914893617021 0.5960402684563758 0.1639148936170212 0.14381591562799617
0 0.7273475177304964 0.9118983700862896 0.15917730496453905 0.1427516778523491
0 0.8912482269503547 0.8991179290508149 0.14026950354609943 0.10652924256951093