0 0.09126466753585398 0.1301893597835888 0.11408083441981746 0.11158701532912534
0 0.20208604954367665 0.12792605951307484 0.09778357235984354 0.10933273219116321
0 0.17112125162972622 0.44296663660955815 0.15645371577574968 0.1442741208295762
0 0.0847457627118644 0.5928764652840397 0.15971316818774445 0.10595130748422002
0 0.3536505867014342 0.1651307484220018 0.13689700130378096 0.09806131650135257
0 0.5589960886571056 0.10425608656447251 0.15319426336375488 0.12962128043282237
0 0.9061277705345502 0.07383228133453561 0.1075619295958279 0.08678990081154193
0 0.2713559322033898 0.7270063119927863 0.11245110821382008 0.09017132551848513
0 0.2746153846153846 0.9293327321911633 0.11245110821382008 0.10482416591523895
0 0.4514341590612777 0.7534986474301172 0.20208604954367665 0.14314697926059514
0 0.442477183833116 0.9039675383228133 0.18415906127770534 0.14878268710550044
0 0.9061277705345502 0.7495491433724075 0.14667535853976532 0.12173128944995491
0 0.8971707953063885 0.8769161406672679 0.1515645371577575 0.1127141568981064