0 0.8755047106325706 0.11251125112511251 0.13593539703903096 0.11701170117011701
0 0.5578734858681023 0.14491449144914492 0.1224764468371467 0.11701170117011701
0 0.6938088829071333 0.29162916291629165 0.14670255720053835 0.0855085508550855
0 0.4636608344549125 0.3402340234023402 0.11305518169582772 0.10441044104410441
0 0.1271870794078062 0.31458145814581456 0.17631224764468373 0.1341134113411341
0 0.2927321668909825 0.30783078307830786 0.13189771197846567 0.11791179117911792
0 0.10699865410497982 0.5022502250225023 0.12920592193808883 0.0999099909990999
0 0.3223418573351279 0.6417641764176417 0.11574697173620457 0.08640864086408641
0 0.34387617765814266 0.8136813681368137 0.15612382234185734 0.1332133213321332
0 0.14064602960969044 0.8861386138613861 0.1601615074024226 0.14311431143114312
0 0.743606998654105 0.8816381638163816 0.14131897711978467 0.11791179117911792
0 0.8694481830417228 0.8118811881188119 0.13189771197846567 0.11341134113411341