0 0.8756796769851951 0.11251125112511251 0.13627187079407807 0.11701170117011701
0 0.5577119784656797 0.14513951395139513 0.12281292059219381 0.11701170117011701
0 0.6939838492597578 0.2914041404140414 0.14636608344549126 0.0855085508550855
0 0.4634993270524899 0.34035103510351034 0.11271870794078062 0.10463546354635464
0 0.12702557200538359 0.3144734473447345 0.1766487213997308 0.13388838883888388
0 0.2927321668909825 0.3077227722772277 0.13122476446837147 0.11813681368136814
0 0.1068371467025572 0.5023672367236723 0.12954239569313594 0.10013501350135014
0 0.3221803499327052 0.6418811881188119 0.11608344549125169 0.08663366336633663
0 0.34405114401076714 0.8134563456345635 0.15646029609690443 0.13276327632763277
0 0.14048452220726781 0.8860306030603061 0.1598250336473755 0.142889288928893
0 0.743606998654105 0.8815301530153016 0.14131897711978467 0.11813681368136823
0 0.8697846567967699 0.8117731773177318 0.13122476446837147 0.11363636363636363