0 0.582590027700831 0.11600184672206833 0.1298476454293629 0.10503231763619575
0 0.9063434903047092 0.08483841181902123 0.06752077562326869 0.06348107109879964
0 0.9011495844875346 0.3503047091412742 0.10907202216066482 0.06809787626962142
0 0.5358448753462604 0.37049861495844877 0.10907202216066482 0.06694367497691597
0 0.35925207756232685 0.5084302862419205 0.13331024930747923 0.10964912280701754
0 0.35578947368421054 0.6434718374884579 0.15408587257617729 0.13504155124653738
0 0.3202908587257618 0.867386888273315 0.18005540166204986 0.16274238227146826
0 0.10821329639889196 0.8875807940904894 0.15754847645429362 0.1569713758079409
0 0.5297783933518005 0.6659741458910434 0.14889196675900276 0.12696214219759927
0 0.8872991689750692 0.5159279778393352 0.14369806094182824 0.13388734995383195
0 0.8838365650969529 0.6584764542936288 0.1471606648199446 0.12349953831948292
0 0.5418975069252078 0.8443028624192059 0.13850415512465375 0.10041551246537396
0 0.9054709141274239 0.8310249307479224 0.09002770083102493 0.06694367497691597