0 0.41759002770083103 0.884118190212373 0.13019390581717452 0.10526315789473684
0 0.09349030470914127 0.9150507848568791 0.06786703601108034 0.06371191135734072
0 0.09903047091412742 0.649584487534626 0.10941828254847645 0.06832871652816251
0 0.46398891966759004 0.6297322253000923 0.10941828254847645 0.0664819944598338
0 0.6405817174515236 0.4916897506925208 0.1329639889196676 0.10987996306555864
0 0.6440443213296398 0.3564173591874423 0.15373961218836565 0.1348107109879963
0 0.6800554016620498 0.13250230840258542 0.18005540166204986 0.16251154201292706
0 0.8919667590027701 0.11265004616805172 0.15789473684210525 0.1569713758079409
0 0.47022160664819945 0.33425669436749766 0.14958448753462603 0.12742382271468145
0 0.1128808864265928 0.4838411819021237 0.1440443213296399 0.13388734995383195
0 0.11634349030470914 0.34164358264081257 0.14681440443213298 0.123730378578024
0 0.4584487534626039 0.15558633425669438 0.13850415512465375 0.10064635272391505
0 0.09487534626038781 0.16897506925207756 0.09002770083102493 0.0664819944598338