0 0.10548523206751055 0.07537001897533206 0.12033755274261604 0.09171726755218218
0 0.09845288326300984 0.20872865275142316 0.12814345991561182 0.09698292220113855
0 0.5883684950773558 0.0600853889943074 0.12345991561181431 0.08433586337760912
0 0.7376090014064698 0.05428842504743833 0.07814345991561174 0.06008538899430739
0 0.9071729957805907 0.3921537001897533 0.129704641350211 0.12018026565464891
0 0.6790154711673698 0.3763472485768501 0.12345991561181431 0.09698292220113855
0 0.679789029535865 0.5044307400379506 0.12502109704641348 0.11069259962049337
0 0.5024191279887483 0.39637571157495255 0.17971870604781992 0.1370398481973435
0 0.44850914205344583 0.5154933586337761 0.14376933895921243 0.09066413662239084
0 0.09533052039381154 0.5002087286527515 0.14064697609001406 0.1212333965844402
0 0.1468917018284107 0.9181973434535105 0.09689170182841067 0.09066413662239084
0 0.5454008438818565 0.6915464895635673 0.17815752461322076 0.1686717267552182
0 0.549310829817159 0.8934250474383302 0.16409282700421934 0.14442125237191653
0 0.8970182841068917 0.6741555977229601 0.14689170182841077 0.14020872865275139
0 0.8907594936708861 0.8913092979127135 0.1562728551336145 0.1591840607210626