0 0.8806022408963585 0.0914259429622815 0.14705882352941177 0.11614535418583256
0 0.8779831932773109 0.2265409383624655 0.16631652661064425 0.14029438822447102
0 0.47707282913165266 0.09027598896044157 0.12780112044817926 0.11614535418583256
0 0.09016806722689075 0.0868261269549218 0.14530812324929973 0.11844526218951242
0 0.45431372549019605 0.2650689972401104 0.18032212885154061 0.1391444342226311
0 0.4595658263305322 0.4053633854645814 0.16281512605042017 0.12304507819687213
0 0.10942577030812324 0.26276908923643055 0.18382352941176472 0.14144434222631094
0 0.08753501400560224 0.4134130634774609 0.14355742296918766 0.11154553817847286
0 0.6556442577030812 0.396163753449862 0.17682072829131654 0.15754369825206993
0 0.8841036414565826 0.5669273229070837 0.14355742296918766 0.10349586016559338
0 0.819327731092437 0.8808647654093836 0.11904761904761904 0.09429622815087396
0 0.6136274509803922 0.5663569457221711 0.1488095238095238 0.10694572217111316
0 0.10942577030812324 0.5939558417663293 0.19082633053221287 0.15754369825206993
0 0.6442577030812325 0.8664949402023919 0.07703081232492998 0.08854645814167433
0 0.04551820728291316 0.928592456301748 0.06302521008403361 0.06324747010119605