0 0.11904761904761904 0.9084636614535418 0.14705882352941177 0.11591536338546458
0 0.12184873949579832 0.7736890524379025 0.16666666666666666 0.13983440662373506
0 0.523109243697479 0.9098436062557498 0.12745098039215685 0.11591536338546458
0 0.9096638655462185 0.9130634774609016 0.14565826330532214 0.11867525298988041
0 0.5455182072829131 0.735050597976081 0.18067226890756302 0.1389144434222631
0 0.5406162464985994 0.5947562097516099 0.16246498599439776 0.12327506899724011
0 0.8907563025210085 0.7373505059797608 0.18347338935574228 0.14167433302667892
0 0.9124649859943977 0.5864765409383624 0.14285714285714285 0.11131554737810488
0 0.3445378151260504 0.6039558417663293 0.17647058823529413 0.15731370745170192
0 0.11624649859943978 0.43330266789328425 0.14425770308123248 0.10303587856485741
0 0.18067226890756302 0.11913523459061638 0.11904761904761904 0.09383624655013799
0 0.3865546218487395 0.4337626494940202 0.1484593837535014 0.10671573137074516
0 0.8907563025210085 0.406163753449862 0.19047619047619047 0.15731370745170192
0 0.3557422969187675 0.13339466421343146 0.07703081232492998 0.08831646734130635
0 0.9544817927170869 0.07129714811407543 0.06302521008403361 0.06347746090156393