0 0.8015691489361702 0.09001851851851851 0.19059840425531904 0.1388888888888889
0 0.15662234042553191 0.08899074074074076 0.1891223404255319 0.1388888888888889
0 0.5429920212765957 0.23971296296296296 0.09013297872340421 0.06173148148148147
0 0.10712765957446808 0.24639814814814817 0.16105053191489363 0.08333333333333333
0 0.845159574468085 0.2813796296296296 0.1566223404255319 0.14712037037037035
0 0.8399867021276595 0.5282962962962963 0.1580984042553193 0.14712037037037032
0 0.5067952127659575 0.39609259259259255 0.1595744680851064 0.12139814814814816
0 0.4971941489361702 0.5509259259259259 0.1787765957446809 0.14712037037037026
0 0.12632978723404256 0.5596666666666668 0.15218085106382978 0.12757407407407406
0 0.5378191489361702 0.7376574074074074 0.1477526595744681 0.11934259259259268
0 0.5260106382978723 0.9032962962962963 0.1300265957446808 0.09670370370370375
0 0.062061170212765956 0.9274722222222221 0.06796542553191488 0.05658333333333324
0 0.8414627659574467 0.7340555555555556 0.11672872340425529 0.07715740740740734
0 0.8281648936170213 0.9007222222222222 0.17287234042553193 0.07922222222222217