0 0.1981382978723404 0.9101851851851852 0.1901595744680851 0.1388888888888889
0 0.8430851063829787 0.9111111111111111 0.18882978723404256 0.1388888888888889
0 0.456781914893617 0.7601851851851852 0.09042553191489362 0.062037037037037036
0 0.8929521276595744 0.7537037037037037 0.16090425531914893 0.08333333333333333
0 0.15492021276595744 0.7185185185185186 0.15691489361702127 0.14722222222222223
0 0.16023936170212766 0.47175925925925927 0.15824468085106383 0.14722222222222223
0 0.4933510638297872 0.6037037037037037 0.1595744680851064 0.12129629629629629
0 0.5026595744680851 0.44907407407407407 0.17819148936170212 0.14722222222222223
0 0.8736702127659575 0.44027777777777777 0.15159574468085107 0.12777777777777777
0 0.4621010638297872 0.2625 0.14760638297872342 0.11944444444444445
0 0.4740691489361702 0.09675925925925925 0.13031914893617022 0.0962962962962963
0 0.9381648936170213 0.07268518518518519 0.0678191489361702 0.05648148148148148
0 0.15824468085106383 0.2657407407407407 0.11702127659574468 0.07685185185185185
0 0.17154255319148937 0.09907407407407408 0.17287234042553193 0.07962962962962963