0 0.2708333333333333 0.7348958333333333 0.06388888888888888 0.08333333333333333
0 0.3402777777777778 0.7364583333333333 0.07916666666666666 0.084375
0 0.2722222222222222 0.4895833333333333 0.06666666666666667 0.11770833333333333
0 0.3416666666666667 0.4864583333333333 0.075 0.13333333333333333
0 0.27152777777777776 0.2671875 0.06805555555555555 0.09479166666666666
0 0.3458333333333333 0.2609375 0.08055555555555556 0.121875
0 0.030555555555555555 0.4828125 0.06111111111111111 0.434375
0 0.5666666666666667 0.7302083333333333 0.06527777777777778 0.115625
0 0.6409722222222223 0.73125 0.0875 0.14583333333333334
0 0.5673611111111111 0.48802083333333335 0.07222222222222222 0.121875
0 0.6388888888888888 0.490625 0.07361111111111111 0.12708333333333333
0 0.5645833333333333 0.2625 0.06805555555555555 0.10833333333333334
0 0.6375 0.26145833333333335 0.07777777777777778 0.12083333333333333
0 0.8819444444444444 0.728125 0.06944444444444445 0.12916666666666668
0 0.9534722222222223 0.7270833333333333 0.08055555555555556 0.14375
0 0.8840277777777777 0.49270833333333336 0.06805555555555555 0.128125
0 0.8826388888888889 0.26197916666666665 0.07083333333333333 0.121875
0 0.9520833333333333 0.4859375 0.07777777777777778 0.14166666666666666
0 0.9576388888888889 0.2625 0.08194444444444444 0.13229166666666667