0 0.7291666666666666 0.26510416666666664 0.06388888888888888 0.08333333333333333
0 0.6597222222222222 0.2635416666666667 0.07916666666666666 0.084375
0 0.7277777777777777 0.5104166666666666 0.06666666666666667 0.11770833333333333
0 0.6583333333333333 0.5135416666666667 0.075 0.13333333333333333
0 0.7284722222222222 0.7328125 0.06805555555555555 0.09479166666666666
0 0.6541666666666667 0.7390625 0.08055555555555556 0.121875
0 0.9694444444444444 0.5161458333333333 0.06111111111111111 0.434375
0 0.43333333333333335 0.26979166666666665 0.06527777777777778 0.115625
0 0.3590277777777778 0.26875 0.0875 0.14583333333333334
0 0.4326388888888889 0.5119791666666667 0.07222222222222222 0.121875
0 0.3611111111111111 0.509375 0.07361111111111111 0.12708333333333333
0 0.4354166666666667 0.7375 0.06805555555555555 0.10833333333333334
0 0.3625 0.7385416666666667 0.07777777777777778 0.12083333333333333
0 0.11805555555555555 0.271875 0.06944444444444445 0.12916666666666668
0 0.04652777777777778 0.27291666666666664 0.08055555555555556 0.14375
0 0.11597222222222223 0.5072916666666667 0.06805555555555555 0.128125
0 0.11736111111111111 0.7380208333333333 0.07083333333333333 0.121875
0 0.04791666666666667 0.5140625 0.07777777777777778 0.14166666666666666
0 0.04236111111111111 0.7375 0.08194444444444444 0.13229166666666667