0 0.1867222222222222 0.328125 0.1111111111111111 0.047458333333333276
0 0.18441666666666667 0.3802083333333333 0.1126527777777778 0.05903124999999996
0 0.5138888888888888 0.32928125 0.15740277777777784 0.049770833333333306
0 0.5177499999999999 0.38136458333333334 0.1774722222222222 0.05670833333333339
0 0.8101805555555556 0.3287083333333333 0.12654166666666652 0.05092708333333332
0 0.8186666666666668 0.38426041666666666 0.16204166666666678 0.06018749999999997
0 0.522375 0.10647916666666667 0.5787083333333334 0.129625
0 0.19290277777777776 0.5497708333333333 0.15431944444444445 0.04861458333333335
0 0.19136111111111112 0.60590625 0.19444444444444445 0.06596874999999992
0 0.5162083333333334 0.55034375 0.1620416666666666 0.05439583333333336
0 0.5123472222222222 0.6041666666666666 0.16975000000000004 0.05555208333333326
0 0.8163611111111111 0.5486145833333332 0.14505555555555563 0.05092708333333338
0 0.8179027777777778 0.6030104166666667 0.16049999999999992 0.05787499999999994
0 0.19598611111111114 0.7864583333333334 0.17283333333333334 0.052083333333333336
0 0.19752777777777777 0.84028125 0.19136111111111115 0.06018749999999997
0 0.5100277777777779 0.7881979166666666 0.17129166666666673 0.050927083333333435
0 0.8171250000000001 0.7870416666666666 0.16204166666666678 0.05323958333333323
0 0.5185138888888888 0.8391249999999999 0.18827777777777785 0.05787499999999994
0 0.8163611111111111 0.8431666666666667 0.17593055555555565 0.061343750000000107
0 0.41512499999999997 0.91840625 0.1635833333333333 0.03587500000000006
0 0.6188333333333333 0.921875 0.14815277777777772 0.03125
0 0.7615694444444445 0.95196875 0.17129166666666665 0.02430208333333326
0 0.5169722222222223 0.9554375 0.16049999999999992 0.03356250000000003
0 0.3009305555555555 0.95428125 0.1944444444444444 0.03587500000000006