0 0.5004000000000001 0.03771794871794872 0.9945066666666666 0.06938461538461539
0 0.8776533333333334 0.11764102564102565 0.23058666666666675 0.06635897435897435
0 0.9098133333333334 0.19079487179487178 0.17882666666666683 0.058820512820512816
0 0.8486400000000001 0.2616923076923077 0.29802666666666666 0.06787179487179487
0 0.93568 0.32805128205128203 0.12392000000000007 0.058820512820512816
0 0.9105866666666668 0.39817948717948715 0.17098666666666668 0.06635897435897435
0 0.9427466666666666 0.4675641025641025 0.1098133333333332 0.06033333333333341
0 0.9082399999999999 0.5377179487179488 0.17882666666666683 0.058820512820512816
0 0.8815733333333333 0.6116153846153847 0.23216000000000014 0.0678717948717948
0 0.9458933333333333 0.7526410256410255 0.10352000000000014 0.06033333333333327
0 0.8901866666666667 0.6772307692307692 0.21802666666666665 0.06033333333333327
0 0.9262666666666667 0.825025641025641 0.14589333333333343 0.05430769230769218
0 0.9262666666666667 0.9615384615384616 0.13647999999999988 0.06787179487179494
0 0.92784 0.8944102564102564 0.13647999999999988 0.06335897435897445
0 0.44864000000000004 0.11538461538461539 0.28864 0.0708974358974359
0 0.4431466666666667 0.19156410256410256 0.25882666666666665 0.057307692307692296
0 0.4415733333333333 0.25866666666666666 0.28391999999999995 0.06484615384615383
0 0.43842666666666663 0.3265384615384615 0.22117333333333333 0.061846153846153856
0 0.4415733333333333 0.3951794871794872 0.22117333333333333 0.06938461538461539
0 0.43608 0.46605128205128205 0.20391999999999996 0.06635897435897435
0 0.43135999999999997 0.5362051282051282 0.2007733333333334 0.0648461538461539
0 0.4353066666666667 0.6055897435897436 0.22117333333333333 0.06787179487179494
0 0.4353066666666667 0.6825128205128206 0.24 0.06787179487179494
0 0.4149066666666667 0.7533846153846153 0.11135999999999997 0.06484615384615375
0 0.43450666666666665 0.8242820512820513 0.21648 0.06787179487179494
0 0.42352 0.8914102564102564 0.22274666666666662 0.06635897435897435
0 0.4172533333333333 0.9637948717948718 0.15685333333333332 0.07241025641025643
0 0.11293333333333336 0.12141025641025642 0.2196 0.07389743589743591
0 0.08 0.18853846153846154 0.15373333333333336 0.060333333333333336
0 0.08 0.2602564102564103 0.16 0.0641025641025641
0 0.08783999999999999 0.3303076923076923 0.17255999999999994 0.0603333333333333
0 0.06274666666666667 0.39817948717948715 0.12234666666666666 0.06335897435897431
0 0.06666666666666667 0.46794871794871795 0.13333333333333333 0.0641025641025641
0 0.07450666666666667 0.5384615384615384 0.14901333333333333 0.06938461538461539
0 0.07216 0.6108717948717949 0.14432 0.06335897435897431
0 0.10666666666666667 0.6832564102564104 0.21333333333333335 0.06033333333333327
0 0.058826666666666666 0.7556666666666666 0.11765333333333333 0.06635897435897435
0 0.06901333333333333 0.8295641025641025 0.13802666666666666 0.06335897435897445
0 0.10040000000000002 0.8966923076923077 0.19450666666666666 0.06484615384615375
0 0.08626666666666667 0.9668205128205128 0.1662666666666667 0.06635897435897435