0 0.5 0.03717948717948718 0.9946666666666667 0.06923076923076923
0 0.8773333333333333 0.11794871794871795 0.22933333333333333 0.06666666666666667
0 0.9093333333333333 0.191025641025641 0.17866666666666667 0.05897435897435897
0 0.848 0.26153846153846155 0.2986666666666667 0.06666666666666667
0 0.936 0.3282051282051282 0.12266666666666666 0.05897435897435897
0 0.9106666666666666 0.39871794871794874 0.17066666666666666 0.06666666666666667
0 0.9426666666666667 0.46794871794871795 0.10933333333333334 0.06153846153846154
0 0.908 0.5371794871794872 0.17866666666666667 0.05897435897435897
0 0.8813333333333333 0.6115384615384616 0.232 0.06666666666666667
0 0.9453333333333334 0.7525641025641026 0.104 0.06153846153846154
0 0.8906666666666667 0.676923076923077 0.21866666666666668 0.06153846153846154
0 0.9266666666666666 0.8256410256410256 0.14666666666666667 0.05384615384615385
0 0.9266666666666666 0.9615384615384616 0.136 0.06666666666666667
0 0.928 0.8948717948717949 0.136 0.0641025641025641
0 0.448 0.11538461538461539 0.288 0.07179487179487179
0 0.44266666666666665 0.191025641025641 0.25866666666666666 0.05641025641025641
0 0.44133333333333336 0.258974358974359 0.2826666666666667 0.0641025641025641
0 0.43866666666666665 0.3269230769230769 0.22133333333333333 0.06153846153846154
0 0.44133333333333336 0.39487179487179486 0.22133333333333333 0.06923076923076923
0 0.436 0.4666666666666667 0.20266666666666666 0.06666666666666667
0 0.432 0.5358974358974359 0.2 0.0641025641025641
0 0.43466666666666665 0.6051282051282051 0.22133333333333333 0.06666666666666667
0 0.43466666666666665 0.6820512820512821 0.24 0.06666666666666667
0 0.4146666666666667 0.7538461538461538 0.112 0.0641025641025641
0 0.43466666666666665 0.8243589743589743 0.216 0.06666666666666667
0 0.424 0.8910256410256411 0.224 0.06666666666666667
0 0.41733333333333333 0.9641025641025641 0.15733333333333333 0.07179487179487179
0 0.11333333333333333 0.12179487179487179 0.21866666666666668 0.07435897435897436
0 0.08 0.18846153846153846 0.15466666666666667 0.06153846153846154
0 0.08 0.2602564102564103 0.16 0.0641025641025641
0 0.088 0.33076923076923076 0.17333333333333334 0.06153846153846154
0 0.06266666666666666 0.39871794871794874 0.12266666666666666 0.0641025641025641
0 0.06666666666666667 0.46794871794871795 0.13333333333333333 0.0641025641025641
0 0.07466666666666667 0.5384615384615384 0.14933333333333335 0.06923076923076923
0 0.072 0.6102564102564103 0.144 0.0641025641025641
0 0.10666666666666667 0.6833333333333333 0.21333333333333335 0.06153846153846154
0 0.058666666666666666 0.7551282051282051 0.11733333333333333 0.06666666666666667
0 0.06933333333333333 0.8294871794871795 0.13866666666666666 0.0641025641025641
0 0.1 0.8961538461538462 0.19466666666666665 0.0641025641025641
0 0.08666666666666667 0.9666666666666667 0.16533333333333333 0.06666666666666667