0 0.5 0.9628205128205128 0.9946666666666667 0.06923076923076923
0 0.12266666666666666 0.882051282051282 0.22933333333333333 0.06666666666666667
0 0.09066666666666667 0.808974358974359 0.17866666666666667 0.05897435897435897
0 0.152 0.7384615384615385 0.2986666666666667 0.06666666666666667
0 0.064 0.6717948717948717 0.12266666666666666 0.05897435897435897
0 0.08933333333333333 0.6012820512820513 0.17066666666666666 0.06666666666666667
0 0.05733333333333333 0.532051282051282 0.10933333333333334 0.06153846153846154
0 0.092 0.46282051282051284 0.17866666666666667 0.05897435897435897
0 0.11866666666666667 0.38846153846153847 0.232 0.06666666666666667
0 0.05466666666666667 0.24743589743589745 0.104 0.06153846153846154
0 0.10933333333333334 0.3230769230769231 0.21866666666666668 0.06153846153846154
0 0.07333333333333333 0.17435897435897435 0.14666666666666667 0.05384615384615385
0 0.07333333333333333 0.038461538461538464 0.136 0.06666666666666667
0 0.072 0.10512820512820513 0.136 0.0641025641025641
0 0.552 0.8846153846153846 0.288 0.07179487179487179
0 0.5573333333333333 0.808974358974359 0.25866666666666666 0.05641025641025641
0 0.5586666666666666 0.7410256410256411 0.2826666666666667 0.0641025641025641
0 0.5613333333333334 0.6730769230769231 0.22133333333333333 0.06153846153846154
0 0.5586666666666666 0.6051282051282051 0.22133333333333333 0.06923076923076923
0 0.564 0.5333333333333333 0.20266666666666666 0.06666666666666667
0 0.568 0.4641025641025641 0.2 0.0641025641025641
0 0.5653333333333334 0.39487179487179486 0.22133333333333333 0.06666666666666667
0 0.5653333333333334 0.31794871794871793 0.24 0.06666666666666667
0 0.5853333333333334 0.24615384615384617 0.112 0.0641025641025641
0 0.5653333333333334 0.17564102564102563 0.216 0.06666666666666667
0 0.576 0.10897435897435898 0.224 0.06666666666666667
0 0.5826666666666667 0.035897435897435895 0.15733333333333333 0.07179487179487179
0 0.8866666666666667 0.8782051282051282 0.21866666666666668 0.07435897435897436
0 0.92 0.8115384615384615 0.15466666666666667 0.06153846153846154
0 0.92 0.7397435897435898 0.16 0.0641025641025641
0 0.912 0.6692307692307692 0.17333333333333334 0.06153846153846154
0 0.9373333333333334 0.6012820512820513 0.12266666666666666 0.0641025641025641
0 0.9333333333333333 0.532051282051282 0.13333333333333333 0.0641025641025641
0 0.9253333333333333 0.46153846153846156 0.14933333333333335 0.06923076923076923
0 0.928 0.38974358974358975 0.144 0.0641025641025641
0 0.8933333333333333 0.31666666666666665 0.21333333333333335 0.06153846153846154
0 0.9413333333333334 0.24487179487179486 0.11733333333333333 0.06666666666666667
0 0.9306666666666666 0.17051282051282052 0.13866666666666666 0.0641025641025641
0 0.9 0.10384615384615385 0.19466666666666665 0.0641025641025641
0 0.9133333333333333 0.03333333333333333 0.16533333333333333 0.06666666666666667