0 0.12319027181688123 0.0625 0.1923319027181688 0.09935576923076922
0 0.11444921316165951 0.1912403846153846 0.19074391988555084 0.11111538461538459
0 0.5086695278969957 0.06784615384615385 0.17167381974248927 0.11645192307692309
0 0.6922603719599427 0.080125 0.12240343347639478 0.10897115384615386
0 0.8822174535050071 0.09188461538461538 0.15895565092989972 0.13675000000000004
0 0.6874964234620887 0.22382692307692312 0.13829756795422027 0.1143173076923077
0 0.5142203147353361 0.3563076923076923 0.15101573676680982 0.11003846153846149
0 0.11047210300429185 0.37339423076923073 0.1923319027181688 0.15704807692307696
0 0.8885693848354793 0.622326923076923 0.18121602288984273 0.15064423076923084
0 0.5746351931330472 0.619125 0.1859799713876967 0.14423076923076922
0 0.5571387696709585 0.9134615384615384 0.15419170243204575 0.13888461538461544
0 0.1859799713876967 0.6233942307692308 0.133519313304721 0.10149999999999995
0 0.1796280400572246 0.8878173076923077 0.133519313304721 0.11965384615384621