0 0.876967095851216 0.9375 0.1917024320457797 0.09903846153846153
0 0.8855507868383404 0.8086538461538462 0.19027181688125894 0.11153846153846154
0 0.49141630901287553 0.9322115384615385 0.17167381974248927 0.11634615384615385
0 0.30758226037195996 0.9197115384615384 0.12303290414878398 0.10865384615384616
0 0.11802575107296137 0.9081730769230769 0.15879828326180256 0.13653846153846153
0 0.31258941344778257 0.7759615384615385 0.13876967095851217 0.11442307692307692
0 0.48569384835479257 0.64375 0.15164520743919885 0.10961538461538461
0 0.8898426323319027 0.6264423076923077 0.1917024320457797 0.15673076923076923
0 0.11158798283261803 0.3778846153846154 0.18168812589413447 0.15096153846153845
0 0.42560801144492133 0.38076923076923075 0.1859799713876967 0.14423076923076922
0 0.4427753934191702 0.08653846153846154 0.15450643776824036 0.13846153846153847
0 0.8140200286123033 0.3764423076923077 0.13304721030042918 0.10192307692307692
0 0.8204577968526466 0.11201923076923077 0.13304721030042918 0.11923076923076924