0 0.935792507204611 0.24863330125120306 0.0912536023054754 0.06950914340712226
0 0.6123919308357348 0.2577285851780558 0.11687319884726227 0.09624639076034648
0 0.4530835734870317 0.2582579403272377 0.13448126801152743 0.11442733397497593
0 0.47870317002881846 0.060423484119345526 0.08965417867435163 0.07379210779595767
0 0.9429971181556197 0.04117420596727623 0.0768443804034581 0.05667949951876804
0 0.8997694524495679 0.45823869104908566 0.1697118155619596 0.12725697786333015
0 0.9157925072046109 0.8710298363811357 0.1312824207492794 0.09945139557266595
0 0.7212680115273775 0.9175457170356112 0.1648991354466858 0.11335899903753606
0 0.3314121037463977 0.45770933589990376 0.048025936599423606 0.0684408084696824
0 0.29059077809798267 0.5101058710298364 0.043227665706051875 0.059884504331087614
0 0.5595533141210375 0.6630317613089509 0.11047550432276651 0.08555341674687209
0 0.5147262247838618 0.904716073147257 0.12648414985590775 0.11549566891241578
0 0.10726224783861671 0.9020404234841194 0.14729106628242075 0.12939364773820988