0 0.0776978417266187 0.94375 0.09640287769784173 0.07403846153846154
0 0.10143884892086331 0.8067307692307693 0.17266187050359713 0.12211538461538461
0 0.4079136690647482 0.8298076923076924 0.12949640287769784 0.14423076923076922
0 0.4079136690647482 0.6865384615384615 0.14244604316546763 0.11634615384615385
0 0.5611510791366906 0.7855769230769231 0.09496402877697842 0.07115384615384615
0 0.7294964028776978 0.675 0.12086330935251799 0.07884615384615384
0 0.9309352517985612 0.9163461538461538 0.07050359712230216 0.07115384615384615
0 0.09064748201438849 0.5125 0.15971223021582734 0.12307692307692308
0 0.09640287769784173 0.34471153846153846 0.1669064748201439 0.12884615384615383
0 0.2805755395683453 0.08317307692307692 0.17266187050359713 0.10480769230769231
0 0.5251798561151079 0.3625 0.23309352517985613 0.18269230769230768
0 0.5223021582733813 0.14278846153846153 0.2273381294964029 0.1596153846153846
0 0.8920863309352518 0.24951923076923077 0.17410071942446043 0.14038461538461539
0 0.897841726618705 0.08942307692307692 0.16258992805755396 0.14807692307692308