0 0.9224604316546763 0.05608653846153846 0.09592805755395693 0.07372115384615384
0 0.898474820143885 0.19337500000000002 0.17266187050359713 0.12179807692307691
0 0.5923309352517986 0.17040384615384616 0.12949640287769784 0.14423076923076922
0 0.5923309352517986 0.31356730769230773 0.14228776978417265 0.11645192307692309
0 0.43884892086330934 0.21421153846153845 0.09433093525179849 0.07157692307692308
0 0.27018705035971224 0.3247884615384615 0.12149640287769783 0.07905769230769233
0 0.06874820143884892 0.08386538461538462 0.07034532374100719 0.07157692307692308
0 0.9096690647482015 0.4877115384615385 0.15987050359712215 0.12286538461538458
0 0.9032805755395683 0.655451923076923 0.16627338129496394 0.12926923076923083
0 0.7194244604316546 0.9166634615384616 0.17266187050359713 0.10470192307692318
0 0.4748201438848921 0.6372884615384615 0.2334100719424461 0.18269230769230768
0 0.4780143884892087 0.857375 0.2270215827338129 0.15919230769230763
0 0.1079136690647482 0.7505384615384615 0.1742589928057554 0.13996153846153842
0 0.10231654676258993 0.9107884615384616 0.16306474820143887 0.14850000000000005